# name: debug
# type: sparse matrix
# nnz: 576
# rows: 36
# columns: 36

1 1 0.0399981848
2 1 -1.80507024e-11
3 1 1.06406639e-11
4 1 0
5 1 0
6 1 0
7 1 -0.0397627469
8 1 0.00211355525
9 1 0.00378307081
10 1 7.47404902e-05
11 1 0.027757845
12 1 -0.0147223921
1 2 -1.80507024e-11
2 2 0.0399981848
3 2 2.15007001e-11
4 2 0
5 2 0
6 2 0
7 2 -0.00228649503
8 2 -0.0398946756
9 2 -0.00174401264
10 2 -0.0124322101
11 2 -0.00622901592
12 2 0.158789421
1 3 1.06406639e-11
2 3 2.15007001e-11
3 3 0.0399981848
4 3 0
5 3 0
6 3 0
7 3 -0.00368112497
8 3 0.00195000611
9 3 -0.0397806684
10 3 0.00691481549
11 3 -0.157523765
12 3 -0.00836151368
1 4 0
2 4 0
3 4 0
4 4 24.9989359
5 4 5.6408604e-09
6 4 -3.32521686e-09
7 4 0
8 4 0
9 4 0
10 4 -24.8517869
11 4 1.32097574
12 4 2.36442593
1 5 0
2 5 0
3 5 0
4 5 5.6408604e-09
5 5 24.998936
6 5 -6.71898773e-09
7 5 0
8 5 0
9 5 0
10 5 -1.42906344
11 5 -24.9342426
12 5 -1.09001095
1 6 0
2 6 0
3 6 0
4 6 -3.32521686e-09
5 6 -6.71898773e-09
6 6 24.9989359
7 6 0
8 6 0
9 6 0
10 6 -2.30070958
11 6 1.21875727
12 6 -24.8629878
1 7 -0.0397627469
2 7 -0.00228649503
3 7 -0.00368112497
4 7 0
5 7 0
6 7 0
7 7 0.0799963688
8 7 -1.92288965e-10
9 7 1.51448231e-10
10 7 -3.71667681e-12
11 7 -0.0127411005
12 7 0.00632806977
13 7 -0.0217303219
14 7 -0.0198107918
15 7 -0.0271142099
16 7 -0.0920024135
17 7 0.097187081
18 7 0.00272510361
1 8 0.00211355525
2 8 -0.0398946756
3 8 0.00195000611
4 8 0
5 8 0
6 8 0
7 8 -1.92288965e-10
8 8 0.0799963691
9 8 -3.49042061e-10
10 8 0.0127411005
11 8 4.57611466e-11
12 8 -0.159564092
13 8 0.0242233994
14 8 -0.0316148365
15 8 0.00368562054
16 8 -0.123687598
17 8 -0.0976458748
18 8 -0.0246700078
1 9 0.00378307081
2 9 -0.00174401264
3 9 -0.0397806684
4 9 0
5 9 0
6 9 0
7 9 1.51448231e-10
8 9 -3.49042061e-10
9 9 0.0799963691
10 9 -0.00632806973
11 9 0.159564092
12 9 -4.20444703e-11
13 9 0.0232567146
14 9 0.0144183702
15 9 -0.0291734569
16 9 0.0428646957
17 9 -0.0805711938
18 9 -0.00564942667
1 10 7.47404902e-05
2 10 -0.0124322101
3 10 0.00691481549
4 10 -24.8517869
5 10 -1.42906344
6 10 -2.30070958
7 10 -3.71667681e-12
8 10 0.0127411005
9 10 -0.00632806973
10 10 50.0029315
11 10 -0.0252444002
12 10 -0.0508279088
13 10 0
14 10 0
15 10 0
16 10 -13.5814896
17 10 -12.3817801
18 10 -16.946429
1 11 0.027757845
2 11 -0.00622901592
3 11 -0.157523765
4 11 1.32097574
5 11 -24.9342426
6 11 1.21875727
7 11 -0.0127411005
8 11 4.57611466e-11
9 11 0.159564092
10 11 -0.0252444002
11 11 50.6384766
12 11 -0.00201565025
13 11 0
14 11 0
15 11 0
16 11 15.1396673
17 11 -19.7593284
18 11 2.30351902
1 12 -0.0147223921
2 12 0.158789421
3 12 -0.00836151368
4 12 2.36442593
5 12 -1.09001095
6 12 -24.8629878
7 12 0.00632806977
8 12 -0.159564092
9 12 -4.20444703e-11
10 12 -0.0508279088
11 12 -0.00201565025
12 12 50.6354192
13 12 0
14 12 0
15 12 0
16 12 14.5354878
17 12 9.01150658
18 12 -18.2334618
7 13 -0.0217303219
8 13 0.0242233994
9 13 0.0232567146
10 13 0
11 13 0
12 13 0
13 13 0.0799963566
14 13 -2.87923012e-10
15 13 2.19373151e-10
16 13 -2.19694971e-10
17 13 -0.158783279
18 13 -0.0197057929
19 13 0.00458981355
20 13 -0.037610635
21 13 -0.0128151393
22 13 -0.0683530537
23 13 -0.0518236616
24 13 0.127614145
7 14 -0.0198107918
8 14 -0.0316148365
9 14 0.0144183702
10 14 0
11 14 0
12 14 0
13 14 -2.87923012e-10
14 14 0.0799963583
15 14 -4.08640503e-09
16 14 0.15878328
17 14 3.31268787e-10
18 14 0.0161131383
19 14 0.0392571809
20 14 0.00628486443
21 14 -0.00438501592
22 14 0.0189106372
23 14 -0.10095806
24 14 0.024599817
7 15 -0.0271142099
8 15 0.00368562054
9 15 -0.0291734569
10 15 0
11 15 0
12 15 0
13 15 2.19373151e-10
14 15 -4.08640503e-09
15 15 0.0799963675
16 15 0.0197057922
17 15 -0.0161131385
18 15 -1.1157384e-10
19 15 -0.00613690263
20 15 0.0120745477
21 15 -0.0376350689
22 15 0.0698481037
23 15 -0.108874754
24 15 -0.0463202132
7 16 -0.0920024135
8 16 -0.123687598
9 16 0.0428646957
10 16 -13.5814896
11 16 15.1396673
12 16 14.5354878
13 16 -2.19694971e-10
14 16 0.15878328
15 16 0.0197057922
16 16 50.63791
17 16 -0.00793830352
18 16 0.063965239
19 16 0
20 16 0
21 16 0
22 16 2.86864216
23 16 -23.5067167
24 16 -8.00948576
7 17 0.097187081
8 17 -0.0976458748
9 17 -0.0805711938
10 17 -12.3817801
11 17 -19.7593284
12 17 9.01150658
13 17 -0.158783279
14 17 3.31268787e-10
15 17 -0.0161131385
16 17 -0.00793830352
17 17 50.6346922
18 17 0.0782286488
19 17 0
20 17 0
21 17 0
22 17 24.5358093
23 17 3.92805249
24 17 -2.74064581
7 18 0.00272510361
8 18 -0.0246700078
9 18 -0.00564942667
10 18 -16.946429
11 18 2.30351902
12 18 -18.2334618
13 18 -0.0197057929
14 18 0.0161131383
15 18 -1.1157384e-10
16 18 0.063965239
17 18 0.0782286488
18 18 50.0140658
19 18 0
20 18 0
21 18 0
22 18 -3.83557135
23 18 7.54661274
24 18 -23.5219803
13 19 0.00458981355
14 19 0.0392571809
15 19 -0.00613690263
16 19 0
17 19 0
18 19 0
19 19 0.0799963489
20 19 -2.36013234e-09
21 19 1.02028943e-08
22 19 -3.85959171e-09
23 19 -0.0883299456
24 19 0.0458947712
25 19 -0.0361464096
26 19 -0.0153097817
27 19 -0.0076747427
28 19 -0.0172236482
29 19 0.021700962
30 19 0.0378300699
13 20 -0.037610635
14 20 0.00628486443
15 20 0.0120745477
16 20 0
17 20 0
18 20 0
19 20 -2.36013234e-09
20 20 0.0799963446
21 20 -4.90133649e-09
22 20 0.0883299522
23 20 -2.52688117e-09
24 20 -0.130114396
25 20 0.0154404139
26 20 -0.0368876925
27 20 0.000863492495
28 20 -0.0517806175
29 20 -0.0182656359
30 20 0.145614474
13 21 -0.0128151393
14 21 -0.00438501592
15 21 -0.0376350689
16 21 0
17 21 0
18 21 0
19 21 1.02028943e-08
20 21 -4.90133649e-09
21 21 0.0799963624
22 21 -0.0458947753
23 21 0.130114403
24 21 6.38647287e-09
25 21 0.00740841505
26 21 0.0021823268
27 21 -0.0392454757
28 21 0.0238837778
29 21 -0.156502859
30 21 -0.00419409986
13 22 -0.0683530537
14 22 0.0189106372
15 22 0.0698481037
16 22 2.86864216
17 22 24.5358093
18 22 -3.83557135
19 22 -3.85959171e-09
20 22 0.0883299522
21 22 -0.0458947753
22 22 50.2455884
23 22 -0.149295163
24 22 -0.287342071
25 22 0
26 22 0
27 22 0
28 22 -22.5915715
29 22 -9.56864252
30 22 -4.79672263
13 23 -0.0518236616
14 23 -0.10095806
15 23 -0.108874754
16 23 -23.5067167
17 23 3.92805249
18 23 7.54661274
19 23 -0.0883299456
20 23 -2.52688117e-09
21 23 0.130114403
22 23 -0.149295163
23 23 50.6161927
24 23 -0.101349787
25 23 0
26 23 0
27 23 0
28 23 9.65028667
29 23 -23.0548766
30 23 0.539681655
13 24 0.127614145
14 24 0.024599817
15 24 -0.0463202132
16 24 -8.00948576
17 24 -2.74064581
18 24 -23.5219803
19 24 0.0458947712
20 24 -0.130114396
21 24 6.38647287e-09
22 24 -0.287342071
23 24 -0.101349787
24 24 50.4737831
25 24 0
26 24 0
27 24 0
28 24 4.63027726
29 24 1.36395748
30 24 -24.5284846
19 25 -0.0361464096
20 25 0.0154404139
21 25 0.00740841505
22 25 0
23 25 0
24 25 0
25 25 0.0799963406
26 25 -1.35980401e-10
27 25 6.12161361e-09
28 25 -7.34423804e-10
29 25 -0.0556495487
30 25 0.0212473453
31 25 -0.0261863499
32 25 -0.00404557336
33 25 0.0299626774
34 25 -0.0200909363
35 25 -0.0203978238
36 25 -0.0203129103
19 26 -0.0153097817
20 26 -0.0368876925
21 26 0.0021823268
22 26 0
23 26 0
24 26 0
25 26 -1.35980401e-10
26 26 0.0799963386
27 26 -1.79078661e-09
28 26 0.0556495526
29 26 -9.87327893e-10
30 26 -0.14899946
31 26 -1.9820439e-05
32 26 -0.0396361809
33 26 -0.00536901617
34 26 0.138210229
35 26 -0.0120606329
36 26 0.088526096
19 27 -0.0076747427
20 27 0.000863492495
21 27 -0.0392454757
22 27 0
23 27 0
24 27 0
25 27 6.12161361e-09
26 27 -1.79078661e-09
27 27 0.0799963669
28 27 -0.0212473471
29 27 0.148999471
30 27 1.7217517e-09
31 27 -0.0302345679
32 27 0.00352988412
33 27 -0.0259473607
34 27 0.017310288
35 27 -0.15880377
36 27 -0.0417741132
19 28 -0.0172236482
20 28 -0.0517806175
21 28 0.0238837778
22 28 -22.5915715
23 28 9.65028667
24 28 4.63027726
25 28 -7.34423804e-10
26 28 0.0556495526
27 28 -0.0212473471
28 28 50.0865752
29 28 -0.0791495704
30 28 -0.20730681
31 28 0
32 28 0
33 28 0
34 28 -16.3665154
35 28 -2.52849115
36 28 18.7267312
19 29 0.021700962
20 29 -0.0182656359
21 29 -0.156502859
22 29 -9.56864252
23 29 -23.0548766
24 29 1.36395748
25 29 -0.0556495487
26 29 -9.87327893e-10
